3.45920339384201
10.8392120357656
5.32201415713368
5.1645198747111
4.13061682674585
3.99710707234006
8.72930423544659
3.72535608574232
2.71678104257192
8.75656393371487
8.80847325204427
4.90419255399689
5.00518203900309
5.90674423984874
10.9539265644841
5.97334277506489
3.02090927339392
5.07835751693501
7.07945420950758
7.03557783049522
5.36877191489696
3.15557141429325
6.3235893437138
4.57618742909277
4.37037845864317
5.27500660689682
7.74352910731501
8.42263699779799
4.32027609322209
3.41031767716558
4.57881859650946
6.08777767800317
4.9927166797913
4.98033024305395
3.73040539850307
3.14110946293313
8.67938174226866
6.79584914228223
7.85456913834249
7.09561655007523
7.06031067257622
2.45938397783941
1.77648702406177
1.21882888010953
7.47808277714679
7.31720525205234
3.39611755847862
4.82282746762955
3.01594406313231
6.58367304286683
